198.0742 103.3735
197.8376 103.8623
196.8649 103.3851
198.5988 101.8427
198.637 103.4248
197.9801 103.4193
198.0443 103.5896
198.881 102.1781
197.6473 103.0671
197.7387 101.7424
198.5583 102.8632
197.5054 102.5332
198.9216 103.3165
199.5354 102.2254
199.7417 103.7592
197.585 102.6128
198.2711 103.3477
198.2984 102.6522
198.6608 102.1974
200.4933 104.9289
199.5666 103.0792
199.1513 103.9649
197.3918 103.7045
199.218 103.0309
197.6471 101.5065
196.7517 104.4994
197.5847 104.6087
197.8634 101.6506
197.8444 102.9534
198.9703 102.4733
199.2812 103.6768
199.148 103.84
196.7234 100.5036
198.5462 102.3077
197.5719 101.7909
199.291 102.8789
198.0632 105.0959
199.9353 103.2556
197.879 103.7442
198.3941 104.3146
199.7638 104.0648
199.4956 102.3721
197.1984 102.4797
199.1424 102.7943
198.9403 104.0819
196.8531 101.4909
199.1228 103.1547
198.5323 103.8264
195.9225 101.816
203.4143 111.9249
197.4028 103.6221
199.5383 102.9475
199.1929 104.2913
197.7294 105.0725
198.2095 100.1978
197.7842 104.3201
198.2384 103.7095
198.46 103.7725
200.2462 105.4346
198.3125 103.9832
