198.2387 102.9761
199.0733 102.1562
197.711 102.8349
199.5982 103.722
198.2716 101.3769
198.2864 103.6978
197.436 102.0485
198.9708 105.2959
200.0015 103.6266
197.1035 101.5055
196.8838 102.4927
198.868 103.7998
198.8451 101.8012
198.1756 102.8843
198.287 103.5645
199.2883 105.9726
198.6258 103.2543
198.3053 102.7535
196.3966 101.153
197.9619 101.5938
199.4593 101.4921
199.9112 104.661
200.2299 104.3582
198.4881 102.033
198.3292 101.4379
195.1757 104.6421
197.5456 104.9163
200.4866 102.2102
197.2533 101.7193
197.0367 102.2929
198.1452 103.5066
198.6955 103.6105
196.0975 100.9804
198.8482 103.2405
196.8709 101.3045
198.6665 104.2743
197.9949 103.5235
197.831 100.9518
198.7697 103.4848
197.959 101.4189
199.0967 102.2064
198.9158 103.2023
199.0254 103.1207
200.1843 104.5877
196.7141 101.7721
197.2076 103.821
197.8659 102.0616
199.0205 104.3053
198.2357 102.1218
201.9884 113.8529
197.2714 102.5554
199.5304 102.1669
198.6615 102.532
197.6508 100.5136
199.5112 101.5542
199.0886 103.9804
197.5886 102.0388
199.9529 102.4717
199.767 103.1174
196.6254 101.2641
