199.8907 103.6356
200.3338 105.9943
198.1221 105.8847
198.7198 103.0248
199.3333 101.7266
199.857 104.9052
199.2098 104.5444
198.1852 101.3118
197.6158 102.8858
197.1966 103.3164
196.6694 101.5723
197.3725 102.2899
197.5127 101.5192
197.8754 101.5016
197.0724 101.8714
199.5177 104.5096
199.3997 103.9513
200.0872 103.2863
197.0137 103.4069
200.0533 105.7641
199.4986 102.3405
197.7768 101.4177
198.4347 103.2297
198.7759 103.52
198.7716 102.3009
196.4588 103.0387
196.8184 102.8237
200.9403 103.7799
198.8291 104.178
198.029 103.0034
199.5328 107.0842
196.8757 102.9559
198.7071 103.9644
197.6589 102.6474
200.2965 105.2362
197.8402 103.3224
197.811 103.1497
199.8557 102.1097
198.3129 102.9419
197.8335 102.6386
200.7018 105.3563
197.8586 102.537
197.5418 103.4678
197.0959 102.0094
199.3484 102.975
198.7298 104.6662
198.2713 104.0022
197.7195 100.6501
198.3919 105.0793
201.0294 112.0488
198.9244 104.3984
198.3498 101.4341
199.9548 104.6053
199.3513 104.7715
197.9045 101.0851
198.8263 104.0772
198.2335 103.1748
198.0158 103.7637
198.1564 103.1695
198.4628 101.8047
