2922.0000 944.7362 527.0906 848.9250 804.4662 634.6399 428.0359 691.8839 628.8938
2431.6076 902.3021 516.4784 817.5605 770.8059 649.6740 438.3408 705.8913 647.2712
2023.5165 793.1749 472.6088 743.3257 696.1718 578.9294 396.2346 638.8545 581.1071
1683.9145 778.3583 467.5966 741.3251 694.3176 543.9529 388.4129 616.1126 555.9102
1401.3070 699.4465 434.0532 673.9750 626.7753 515.3418 368.0171 590.9731 535.5527
1166.1290 654.0931 416.2321 650.7288 603.5195 472.9707 344.5069 543.2053 489.4175
970.4203 589.1569 387.8340 603.1298 556.4654 472.7363 344.4153 537.5624 482.9728
807.5569 534.8408 359.8656 558.1946 513.5951 423.5170 315.6694 493.9773 441.5360
672.0265 450.3643 316.8776 485.1776 444.5669 356.1892 275.7572 413.2667 373.1679
559.2419 407.6509 297.1476 453.1715 413.3330 346.9341 269.6068 405.6280 366.0700
465.3856 354.4813 267.3506 401.4394 365.7685 306.3508 244.5599 358.5765 323.3891
387.2810 304.3938 236.0960 347.9513 316.8059 278.4599 225.2058 321.3163 292.9464
322.2846 264.9142 210.8895 304.1479 277.3455 240.2440 197.3126 279.0278 256.7154
268.1963 224.0792 183.6628 256.3811 235.3064 206.6519 174.0884 234.6066 216.1147
223.1855 193.4825 161.9454 219.9376 203.0160 176.7488 151.9335 199.7674 185.8389
185.7288 165.2870 141.6148 185.8797 173.0442 155.5665 135.5498 173.6832 162.9700
154.5584 141.6255 123.3775 157.3696 147.6561 133.6085 118.0902 146.4548 138.4373
128.6192 117.7362 104.5894 128.7619 122.0564 111.6040 100.4438 120.9355 115.6968
107.0334 98.0570 88.6102 105.7810 101.2898 95.8382 87.3103 102.1076 98.2260
89.0702 84.1762 76.9320 89.8110 86.5655 80.4104 73.9883 85.3377 82.6518
74.1218 70.3045 65.0831 74.0384 71.8686 67.9404 63.2280 71.0191 69.3316
61.6821 59.7183 55.8257 62.3412 60.8393 57.6937 54.2168 60.1392 58.9023
51.3301 49.5270 46.7383 51.2115 50.2308 48.9994 46.2778 50.4115 49.5376
42.7155 41.7594 39.7029 42.9345 42.2572 41.1020 39.1592 42.1386 41.3715
35.5467 34.7297 33.2389 35.4565 35.0069 34.4049 32.9831 34.8827 34.4202
29.5809 28.8538 27.7665 29.3052 28.9985 28.2412 27.1974 28.6999 28.4474
24.6164 24.3179 23.4991 24.6141 24.4036 24.0383 23.2503 24.2821 24.0613
20.4851 20.1362 19.5318 20.3079 20.1693 19.8992 19.3100 20.0425 19.9208
17.0472 16.9202 16.4599 17.0139 16.9186 16.8015 16.3534 16.8467 16.7519
14.1862 14.1011 13.7501 14.1325 14.0713 13.9881 13.6524 14.0142 13.9594
11.8053 11.7269 11.4546 11.7161 11.6784 11.6434 11.3805 11.6437 11.5915
9.8241 9.7329 9.5187 9.7044 9.6832 9.6609 9.4490 9.6181 9.6055
8.1753 8.0847 7.9125 8.0337 8.0216 8.0486 7.8816 7.9981 7.9855
6.8033 6.7766 6.6345 6.7200 6.7151 6.7576 6.6153 6.6980 6.6918
5.6615 5.6584 5.5401 5.5901 5.5894 5.6327 5.5148 5.5542 5.5522
4.7113 4.7047 4.6023 4.6323 4.6363 4.6877 4.5894 4.6071 4.6131
3.9206 3.9059 3.8183 3.8315 3.8380 3.8585 3.7725 3.7870 3.7917
3.2627 3.2583 3.1818 3.1838 3.1926 3.2432 3.1674 3.1760 3.1852
