2922.0000 927.1713 602.8063 999.7368 952.5157 656.6754 492.4328 872.9135 793.4291
2431.6076 947.0425 613.2682 1029.9603 980.3207 656.3635 487.2828 884.7818 801.8999
2023.5165 821.5109 550.4596 919.7147 867.2216 590.4664 454.5927 809.7264 728.3243
1683.9145 790.5836 537.3163 901.2796 846.9389 587.1684 450.8889 801.0911 721.3979
1401.3070 710.6715 494.6636 830.8092 776.2893 506.9684 398.4422 720.3583 641.5441
1166.1290 655.0454 469.1173 789.5843 732.3336 489.3448 390.0071 696.2878 619.3947
970.4203 584.8427 431.7858 736.4137 678.0293 452.6632 367.5696 649.9031 575.8481
807.5569 527.5647 397.9751 676.0532 617.1523 423.8390 346.5542 608.3920 537.5050
672.0265 442.7631 345.7683 591.0049 534.0386 373.9189 310.9662 525.7914 464.4489
559.2419 406.6264 323.0735 545.8879 490.1143 347.8552 291.7169 491.7974 431.2536
465.3856 363.1854 294.3526 493.0182 441.0949 319.2856 270.8664 443.8595 388.4746
387.2810 306.5742 254.8082 417.3499 371.3301 267.7629 231.9808 370.8959 322.5907
322.2846 265.4515 225.7887 360.1629 320.0185 233.3105 204.4446 311.9610 275.2456
268.1963 224.8967 195.4745 299.9364 266.9332 204.5855 182.1106 267.0686 236.5882
223.1855 193.5361 171.1988 252.8749 226.5279 179.1687 161.2271 229.0792 205.4718
185.7288 167.5104 150.4338 212.9329 192.3814 157.9232 143.2073 196.0333 178.4297
154.5584 136.6978 124.9152 166.6289 153.4106 128.9260 119.2322 153.2924 142.2267
128.6192 117.8316 108.8852 139.5951 130.0244 114.4785 106.3249 132.8563 124.7080
107.0334 100.0111 93.4132 114.6667 108.3899 97.0622 91.1085 109.3158 103.9445
89.0702 83.3927 78.6997 93.0922 89.1293 81.7435 77.4190 90.0909 86.4027
74.1218 70.5660 67.1192 77.3078 74.6966 68.9575 65.7841 74.6951 72.2148
61.6821 59.5043 56.9937 64.0072 62.2929 58.6682 56.3258 62.9433 61.3696
51.3301 49.9424 48.1233 52.9884 51.8634 49.4249 47.7179 52.1350 51.1969
42.7155 41.2075 39.9267 43.2655 42.5411 40.6386 39.4125 42.4902 41.8787
35.5467 34.4015 33.4797 35.7606 35.2850 34.0190 33.1210 35.2899 34.8812
29.5809 29.1766 28.4865 30.1221 29.7926 28.9001 28.2345 29.7939 29.4796
24.6164 24.3858 23.8816 25.0327 24.8103 24.0165 23.5297 24.5401 24.3581
20.4851 20.1076 19.7429 20.5223 20.3784 20.0339 19.6757 20.4468 20.3220
17.0472 16.9657 16.6890 17.2503 17.1503 16.8087 16.5435 17.0471 16.9330
14.1862 14.1066 13.8990 14.2886 14.2227 13.9104 13.7063 14.0602 13.9894
11.8053 11.6863 11.5288 11.7938 11.7505 11.6281 11.4730 11.7655 11.7061
9.8241 9.7282 9.6062 9.7915 9.7668 9.6799 9.5605 9.7442 9.7204
8.1753 8.1837 8.0861 8.2140 8.1987 8.1543 8.0575 8.1688 8.1520
6.8033 6.7431 6.6652 6.7494 6.7424 6.6854 6.6084 6.6868 6.6764
5.6615 5.6156 5.5517 5.6052 5.6030 5.5733 5.5111 5.5734 5.5713
4.7113 4.7224 4.6685 4.7020 4.7034 4.7087 4.6539 4.6928 4.6999
3.9206 3.9055 3.8592 3.8749 3.8786 3.8788 3.8344 3.8452 3.8531
3.2627 3.2721 3.2321 3.2380 3.2445 3.2459 3.2052 3.2132 3.2235
