2922.0000 955.5040 590.4323 982.0112 945.1555 632.8861 460.3300 842.5556 772.2886
2431.6076 798.2174 520.4025 873.1940 829.7209 560.8375 421.0519 759.0059 692.8042
2023.5165 783.1190 512.4606 858.2068 813.2075 544.1544 416.2039 740.0969 669.3724
1683.9145 768.1770 508.1355 850.4583 804.0932 537.6321 411.3999 731.0098 662.3365
1401.3070 695.3789 474.2077 796.5922 748.8281 512.1001 392.7892 707.5417 638.3549
1166.1290 642.4877 444.5287 750.7044 701.2050 487.8138 379.9745 670.3289 598.6659
970.4203 590.2779 416.9817 703.3435 654.1850 449.4842 354.3974 612.4377 543.3729
807.5569 505.1040 371.6205 632.9807 581.8215 403.9750 325.1640 560.3326 496.8140
672.0265 454.8258 343.1643 583.7788 533.4997 369.7958 300.0154 520.2350 457.2261
559.2419 401.3423 312.0542 529.8101 479.3811 341.2254 279.3811 478.4372 419.6372
465.3856 357.8722 280.5212 469.4167 423.7678 297.3484 247.8644 411.2890 364.9339
387.2810 306.3983 247.8235 409.8661 368.2979 263.3946 221.8936 354.3812 312.3848
322.2846 260.8062 215.3907 345.5060 310.0553 231.3418 198.8283 309.0712 271.8605
268.1963 219.7280 185.6341 288.1668 258.4767 198.2903 171.9985 251.5006 225.6629
223.1855 193.8106 166.3201 250.6183 225.4705 178.4194 155.9622 224.5748 202.9046
185.7288 160.6546 140.3365 200.8416 182.3847 149.0600 132.0714 178.9500 164.9333
154.5584 138.6502 122.4881 168.8180 155.0278 129.4279 115.8936 152.2353 141.8239
128.6192 119.4669 106.6295 140.6508 130.7068 111.8498 100.7343 126.7658 119.6789
107.0334 98.5788 88.8320 111.8672 105.5671 92.6039 84.1687 102.2171 97.7561
89.0702 82.9108 75.3138 91.0965 87.1605 78.9773 72.1171 83.9986 81.3906
74.1218 70.3660 64.2352 75.2883 72.7647 66.7203 61.1803 69.6792 67.7729
61.6821 58.7733 53.8318 60.9641 59.6489 55.4194 51.0643 56.8212 56.1524
51.3301 49.8380 45.7537 50.4969 49.8649 46.9185 43.3261 47.1554 46.9070
42.7155 41.1212 37.8103 40.5277 40.4438 39.0479 36.0873 38.3920 38.5564
35.5467 34.9031 32.0522 33.3835 33.6353 32.8465 30.2153 31.0033 31.1384
29.5809 29.0118 26.5815 26.8341 27.3741 27.5089 25.2420 25.1743 25.6953
24.6164 24.4409 22.2787 21.7531 22.4762 23.6638 21.6678 20.8905 21.7525
20.4851 20.8384 18.8723 17.9057 18.6766 19.5342 17.7591 16.4811 17.3974
17.0472 17.2174 15.4111 13.9928 14.7928 16.0399 14.3495 12.5321 13.6080
14.1862 14.5596 12.9131 11.3864 12.1475 13.7608 12.3357 10.2088 11.2141
11.8053 12.1812 10.5799 9.2177 9.8634 11.4140 10.0150 8.1042 8.8614
9.8241 10.3754 8.7753 7.5406 8.0900 9.7234 8.2835 6.3951 7.1150
8.1753 8.8905 7.3776 6.3062 6.7423 8.1124 6.8389 5.1896 5.6867
6.8033 7.3813 5.7782 5.2017 5.5117 6.7351 5.3446 4.2132 4.4769
5.6615 6.4044 4.8620 4.4970 4.7199 5.7285 4.4855 3.6788 3.7899
4.7113 5.2968 3.7836 3.7699 3.9003 4.6365 3.2496 3.1299 3.0973
3.9206 4.8051 3.3586 3.4575 3.5591 4.0577 2.8348 2.8929 2.8345
3.2627 3.9095 2.4669 2.8873 2.9273 3.2559 1.7319 2.5712 2.4712
