2922.0000 919.1057 493.0801 782.0512 744.1241 610.7103 400.6212 645.5677 583.9358
2023.5165 817.6247 458.2619 723.7642 682.3100 562.0609 377.5128 600.8416 545.6711
1683.9145 770.2001 444.7665 701.9246 659.8772 557.9679 377.5099 599.8420 544.0063
1401.3070 684.3010 409.4101 648.3837 605.6269 517.1160 357.1751 563.0687 513.4743
1166.1290 629.7549 391.1996 612.7836 570.2109 488.5340 340.6532 530.6224 483.0732
970.4203 575.3147 366.0653 569.0418 527.8007 448.9024 318.1388 500.9630 453.2744
807.5569 519.1269 344.0451 532.1012 490.9402 434.0724 312.7210 483.5728 438.0753
672.0265 448.4534 304.5829 465.8314 428.7686 371.9187 274.4663 412.9130 374.8813
559.2419 398.6815 279.7832 422.5082 387.9955 323.5171 246.0779 365.3691 329.3226
465.3856 341.2219 247.8347 369.9199 338.8946 288.7836 223.0347 326.1779 295.3145
387.2810 309.7309 229.8956 338.8137 310.5635 266.9811 207.8580 299.4728 274.0883
322.2846 269.6453 204.3757 295.5691 271.3019 235.8652 186.9610 258.8407 238.6374
268.1963 227.5693 177.7223 249.7381 230.2167 204.2361 165.6520 222.5494 208.3847
223.1855 191.2553 153.0537 208.3869 193.2961 173.0363 142.4541 187.5258 175.0039
185.7288 164.8662 134.2960 177.6813 165.9590 151.5497 126.0731 161.0558 151.6704
154.5584 135.6065 112.6960 143.3609 135.4001 127.1260 107.1236 132.3327 126.2954
128.6192 116.7523 97.9929 121.5724 115.6170 106.7513 91.2859 109.7642 105.7736
107.0334 101.4059 86.1012 103.8876 99.6963 95.4934 81.6540 95.7017 92.2705
89.0702 84.8200 72.6932 84.9214 82.3059 80.9315 69.9793 80.1080 78.1792
74.1218 69.9681 60.3766 68.4550 67.0508 66.2183 57.6752 64.1484 63.1275
61.6821 59.1756 51.2357 56.7095 56.0274 56.8742 49.3155 53.8973 53.4796
51.3301 50.7897 43.9987 47.5440 47.3120 48.0651 41.9277 44.4020 44.3923
42.7155 41.1161 35.5668 37.1189 37.4301 39.0862 33.8993 34.7884 35.2723
35.5467 34.8221 29.9532 30.3416 30.9499 33.0213 28.5294 28.7792 29.3495
29.5809 28.8339 24.6061 23.8894 24.7206 27.2788 23.3727 22.5450 23.5901
24.6164 24.1073 20.2164 18.9342 19.8646 22.9997 19.2634 17.4121 18.6702
20.4851 20.2713 16.6377 14.9029 15.8903 19.4046 16.1648 13.7309 15.1835
17.0472 17.2566 13.7610 11.8900 12.7943 16.2485 13.1887 10.5341 11.8672
14.1862 14.6823 11.3417 9.5464 10.3175 13.7430 10.9077 7.7989 8.8468
11.8053 12.5892 9.2696 7.7922 8.4354 11.8749 9.1282 6.3556 7.1397
9.8241 10.2773 7.0416 6.0545 6.5127 9.3785 6.7312 4.7269 5.1808
8.1753 8.6990 5.5382 4.9780 5.2801 8.0441 5.4080 3.9603 4.1258
6.8033 7.3913 4.3201 4.1912 4.3893 6.7218 3.9853 3.3923 3.3530
5.6615 6.3952 3.3518 3.5749 3.6699 5.8294 2.7608 3.0309 2.9512
4.7113 5.2413 2.4590 3.0052 3.0334 4.6082 0.0400 2.5811 2.4361
3.9206 4.8367 2.0396 2.8295 2.8180 4.0613 0.0000 2.4203 2.2226
3.2627 4.0497 1.5599 2.4877 2.4584 3.3171 0.0000 2.2127 2.0546
