2.9220 2.9185 2.8539 2.8824 2.8596 2.8993 2.8351 2.8631 2.8400
3.2785 3.2694 3.1998 3.2370 3.2117 3.2527 3.1831 3.2200 3.1957
3.6785 3.6732 3.5980 3.6441 3.6153 3.6530 3.5774 3.6250 3.5956
4.1272 4.1199 4.0374 4.0944 4.0619 4.0857 4.0047 4.0632 4.0296
4.6308 4.6254 4.5349 4.6050 4.5673 4.5995 4.5092 4.5785 4.5397
5.1957 5.1809 5.0815 5.1662 5.1227 5.1492 5.0496 5.1335 5.0900
5.8296 5.8034 5.6924 5.7969 5.7470 5.7591 5.6501 5.7514 5.7012
6.5408 6.5075 6.3827 6.5109 6.4518 6.4564 6.3325 6.4624 6.3987
7.3388 7.3094 7.1678 7.3255 7.2559 7.2560 7.1175 7.2747 7.2051
8.2341 8.2014 8.0402 8.2320 8.1497 8.1408 7.9837 8.1675 8.0881
9.2387 9.1529 8.9691 9.2012 9.1041 9.0890 8.9090 9.1324 9.0402
10.3658 10.2861 10.0729 10.3595 10.2427 10.2021 9.9936 10.2673 10.1557
11.6304 11.5435 11.2952 11.6469 11.5061 11.4688 11.2237 11.5631 11.4236
13.0493 12.9083 12.6187 13.0508 12.8806 12.8163 12.5322 12.9515 12.7878
14.6413 14.4921 14.1499 14.6848 14.4769 14.3787 14.0442 14.5634 14.3607
16.4276 16.2302 15.8248 16.4788 16.2258 16.0745 15.6805 16.3175 16.0675
18.4317 18.1993 17.7156 18.5295 18.2175 18.0212 17.5543 18.3277 18.0273
20.6804 20.3511 19.7738 20.7726 20.3895 20.1178 19.5616 20.5267 20.1527
23.2034 22.7874 22.0940 23.3348 22.8623 22.5602 21.8866 23.0644 22.6027
26.0342 25.5444 24.7063 26.2464 25.6564 25.2015 24.3967 25.8696 25.3150
29.2104 28.6092 27.5936 29.5117 28.7733 28.2400 27.2624 29.0905 28.4029
32.7741 32.0727 30.8376 33.2307 32.3060 31.6261 30.4452 32.6670 31.7931
36.7725 35.8589 34.3582 37.3378 36.1764 35.2847 33.8531 36.6437 35.5627
41.2587 40.2381 38.4008 42.1400 40.6674 39.5794 37.8422 41.3011 39.9335
46.2923 44.7618 42.5426 47.1619 45.3054 43.8784 41.7845 46.0822 44.4141
51.9400 50.0123 47.3053 53.0842 50.7268 49.0861 46.5311 51.8074 49.6593
58.2766 56.0835 52.7583 60.0441 57.0042 54.6328 51.5381 58.1673 55.4698
65.3864 62.4565 58.4188 67.5300 63.6490 60.9280 57.1782 65.4783 62.0253
73.3635 69.8738 64.9269 76.4326 71.3743 67.8738 63.3308 73.4518 69.1347
82.3139 77.9016 71.8761 86.3867 79.8034 75.4199 69.9903 82.5683 77.0649
92.3562 87.2557 79.8696 98.2620 89.6740 84.2936 77.6541 93.5813 86.4933
103.6236 96.2979 87.4819 110.1589 99.2553 92.9312 85.0332 104.7374 95.6040
116.2657 107.1448 96.4458 125.0180 110.8597 103.0107 93.5280 117.5625 106.1080
130.4501 119.3082 106.3298 142.0712 123.7715 114.0790 102.7507 132.2955 117.8565
146.3650 133.7530 117.8216 163.1029 139.2023 127.0594 113.2446 150.4786 131.6069
164.2216 147.2484 128.3631 183.4149 153.7120 139.3473 123.2138 168.6485 145.0280
184.2566 163.0721 140.4815 207.6808 170.6578 152.9404 134.0071 188.5078 159.4355
206.7359 180.8401 153.6779 235.7404 189.9111 168.5088 146.1904 212.8221 176.5909
231.9577 200.5584 168.0350 265.9646 210.8002 185.4359 159.0758 240.5702 195.3192
260.2565 221.1663 182.5655 297.8565 232.5196 203.3934 172.6441 268.0874 213.9648
292.0078 245.0545 199.0816 333.7608 257.2510 222.9893 186.7834 299.6335 235.4325
327.6328 268.3896 214.5757 368.3572 281.2404 242.0340 200.2889 331.1445 256.2890
367.6040 292.6650 230.2669 402.6364 305.3548 260.2650 213.6304 361.6961 275.2253
412.4517 322.0432 248.9635 444.4425 334.8987 283.9652 230.0332 397.5294 299.9459
462.7708 351.8513 266.9579 483.0448 362.8723 306.0562 244.8612 433.5826 323.3589
519.2288 382.5801 285.1024 522.5975 392.0369 329.4390 260.0264 470.4728 349.4438
582.5747 418.6387 305.3918 565.2703 424.0030 353.4865 276.4454 505.8148 372.1980
653.6488 451.0008 323.3806 603.3089 452.6141 374.4576 289.7976 539.4259 395.1400
733.3940 490.3648 344.2173 644.9272 485.1566 401.7310 306.0148 577.0571 422.3710
822.8681 532.5034 365.8328 685.8932 517.9457 434.1116 325.0634 623.2322 453.6542
923.2580 566.1306 381.9405 718.3893 544.0578 451.1254 335.5027 648.2687 470.5346
1035.8954 608.5504 401.5995 755.5088 575.4056 473.9520 349.7464 678.2503 491.9283
1162.2747 652.2942 422.3359 794.7696 607.5772 502.6185 366.2890 714.0654 520.5978
1304.0722 697.0172 442.5202 831.3582 638.8848 526.4572 379.9525 747.0585 543.4896
1463.1690 731.3109 457.0888 859.8822 663.2930 547.6653 390.8780 774.9260 562.6501
1641.6756 765.5696 470.8582 885.1690 687.1233 557.9394 395.0932 784.6298 572.4313
1841.9600 800.3294 482.9351 909.2353 709.5349 575.5704 404.3361 807.9068 588.2876
2066.6791 855.4707 506.7841 952.7445 748.3925 607.3918 421.8829 839.5038 612.0513
2318.8140 884.5801 516.7916 975.4416 770.2493 620.1507 427.8881 853.6366 623.4147
2601.7093 906.6984 525.3540 993.3619 786.5820 629.0141 433.6067 865.8718 633.5164
2919.1178 966.1176 547.9571 1035.4632 825.4793 662.9318 451.6560 900.9876 661.8691
