2.9220 2.9251 2.8888 2.9188 2.8957 2.9022 2.8659 2.8962 2.8740
3.2785 3.2738 3.2343 3.2723 3.2464 3.2547 3.2152 3.2515 3.2253
3.6785 3.6804 3.6374 3.6849 3.6552 3.6610 3.6180 3.6611 3.6319
4.1272 4.1173 4.0697 4.1279 4.0945 4.0827 4.0354 4.0909 4.0580
4.6308 4.6154 4.5635 4.6352 4.5971 4.5835 4.5326 4.6001 4.5627
5.1957 5.1738 5.1151 5.2032 5.1590 5.1439 5.0860 5.1725 5.1294
5.8296 5.8132 5.7476 5.8556 5.8039 5.7827 5.7177 5.8271 5.7773
6.5408 6.5147 6.4404 6.5719 6.5114 6.4695 6.3964 6.5235 6.4622
7.3388 7.3087 7.2237 7.3842 7.3129 7.2588 7.1759 7.3356 7.2623
8.2341 8.1804 8.0830 8.2796 8.1959 8.1258 8.0311 8.2181 8.1377
9.2387 9.1741 9.0614 9.3013 9.2007 9.1120 9.0020 9.2319 9.1291
10.3658 10.2965 10.1651 10.4596 10.3384 10.2109 10.0814 10.3705 10.2545
11.6304 11.4966 11.3433 11.7046 11.5600 11.4245 11.2750 11.6216 11.4751
13.0493 12.9311 12.7494 13.1971 13.0206 12.8216 12.6439 13.0743 12.9070
14.6413 14.4544 14.2396 14.7882 14.5742 14.3124 14.1024 14.6348 14.4301
16.4276 16.2330 15.9758 16.6589 16.3952 16.1028 15.8515 16.5117 16.2527
18.4317 18.1681 17.8601 18.7022 18.3768 18.0297 17.7299 18.5490 18.2364
20.6804 20.3787 20.0067 21.0572 20.6540 20.1903 19.8309 20.8324 20.4408
23.2034 22.8300 22.3799 23.6886 23.1883 22.5740 22.1416 23.3915 22.9180
26.0342 25.5428 24.9972 26.6225 25.9974 25.1535 24.6347 26.1938 25.5975
29.2104 28.5931 27.9293 29.9626 29.1784 28.1883 27.5541 29.4766 28.7338
32.7741 32.0679 31.2544 33.8030 32.8124 31.6072 30.8323 33.2274 32.3242
36.7725 35.8989 34.9041 38.1184 36.8537 35.2813 34.3307 37.3393 36.1721
41.2587 39.9747 38.7648 42.7608 41.1607 39.3349 38.1875 41.8752 40.4075
46.2923 44.7127 43.2282 48.3009 46.2336 43.7783 42.3936 47.0262 45.2330
51.9400 50.2144 48.3776 54.8627 52.1503 49.0858 47.3782 53.2679 50.8971
58.2766 55.9962 53.7506 62.0128 58.4681 54.7075 52.6354 59.9513 56.9168
65.3864 62.6709 59.9057 70.5083 65.7934 61.0450 58.5028 67.7399 63.8140
73.3635 69.9435 66.5539 80.1877 73.8944 67.9778 64.8966 76.7220 71.5497
82.3139 77.8292 73.6897 91.2821 82.7889 75.6615 71.8894 86.7881 79.9095
92.3562 86.6804 81.6239 104.5046 92.9648 83.5662 79.0461 97.8959 88.9279
103.6236 96.4084 90.2525 119.8751 104.3355 92.6537 87.2348 111.1926 99.3432
116.2657 107.5733 100.0112 138.7439 117.6121 103.4121 96.8069 127.5894 111.5475
130.4501 119.9894 110.7277 161.1449 132.6368 114.4110 106.4295 146.0748 124.8096
146.3650 132.7845 121.6117 185.7978 148.3486 125.8766 116.3364 167.2721 138.3454
164.2216 148.6737 134.9108 218.0046 168.4265 140.0324 128.6026 194.1383 155.9411
184.2566 164.4926 147.9805 251.2608 188.4522 155.0336 141.3681 225.0950 174.9047
206.7359 181.2445 161.4699 288.0014 210.4619 169.4407 153.3010 255.9389 192.7792
231.9577 199.3140 175.7536 326.7210 233.9750 184.2676 165.5477 290.5220 212.1650
260.2565 222.4340 193.7060 375.1550 264.2092 204.8309 182.4107 334.7042 237.6678
292.0078 243.8732 209.9410 418.6510 292.1726 222.5378 196.1343 376.7289 261.6285
327.6328 269.2445 228.6396 468.0804 324.8193 241.7474 211.5077 422.6231 288.1898
367.6040 296.4444 248.4390 518.9268 359.4965 264.7256 229.5614 471.5717 318.8513
412.4517 322.7373 266.7772 565.9441 392.0292 281.6070 242.5057 510.9504 342.1627
462.7708 354.9195 289.0472 620.6613 431.6863 307.7906 262.2253 565.3197 376.7068
519.2288 385.2345 309.0306 666.2761 466.4237 329.0265 277.6196 609.7972 405.4621
582.5747 420.4433 331.7864 719.1594 506.8706 355.6416 295.8263 663.9349 440.9675
653.6488 451.5819 351.8126 763.1931 541.4227 378.4561 313.1833 707.6495 472.3815
733.3940 483.4078 371.0381 804.0825 574.4484 398.0103 327.2006 747.1914 498.3315
822.8681 524.8178 396.2283 856.5295 617.9953 425.8391 347.3196 791.1469 533.0029
923.2580 564.8258 419.1795 898.5367 654.3988 450.5735 364.5500 839.8621 567.1750
1035.8954 608.7816 443.6471 945.5063 695.9817 475.3032 380.2844 876.0774 594.4423
1162.2747 640.0833 460.9802 976.9405 723.3562 492.1613 390.5340 911.2269 619.7521
1304.0722 694.8957 489.6782 1027.6708 770.4012 524.6717 411.6207 957.8364 658.0760
1463.1690 719.8036 501.9315 1047.5490 788.7377 533.4554 416.8788 973.4418 669.1206
1641.6756 762.6070 523.1705 1082.4600 822.2402 558.6997 434.7016 1004.2616 695.9231
1841.9600 810.8116 546.8665 1122.9942 861.3788 580.7830 447.7086 1037.9686 723.4062
2066.6791 858.3964 568.9872 1161.2013 899.1312 604.3210 464.0336 1069.6576 749.1532
2318.8140 890.2156 584.8310 1186.1088 922.2444 612.9363 469.6711 1086.0006 762.9682
2601.7093 914.0068 594.7548 1202.1832 938.4390 629.8436 477.6736 1102.0991 777.8389
2919.1178 948.2793 610.9168 1234.8952 970.1871 649.2883 488.5287 1130.9451 801.5831
