2922.0000 940.4562 940.4562 1840.4557 1516.9615 630.3276 630.3276 1823.3903 1437.6028
2431.6076 910.3199 910.3199 1839.4786 1513.3125 656.1338 656.1338 1829.9444 1437.2792
2023.5165 822.0795 822.0795 1776.5308 1438.6531 620.3354 620.3354 1794.2511 1402.0731
1683.9145 820.3319 820.3319 1755.8323 1418.5551 578.3712 578.3712 1768.4914 1369.8741
1401.3070 700.2024 700.2024 1665.5059 1307.6938 527.1583 527.1583 1684.6328 1263.9698
1166.1290 679.3796 679.3796 1633.7575 1270.6438 510.9214 510.9214 1629.9903 1194.6189
970.4203 596.6181 596.6181 1542.9354 1168.1004 465.2676 465.2676 1562.7588 1111.3019
807.5569 526.2999 526.2999 1443.0114 1055.7166 411.6197 411.6197 1432.1863 955.5154
672.0265 467.8662 467.8662 1383.3384 988.6168 399.2633 399.2633 1419.7703 946.6638
559.2419 426.3112 426.3112 1308.6404 910.2608 360.6425 360.6425 1332.0188 848.4640
465.3856 343.7013 343.7013 1120.3949 726.9895 296.6643 296.6643 1135.4797 650.8923
387.2810 307.7371 307.7371 1046.6752 651.5082 278.2265 278.2265 1034.8812 570.1076
322.2846 262.7198 262.7198 903.1823 539.0096 235.6830 235.6830 875.4777 450.7052
268.1963 227.9529 227.9529 786.9660 444.2570 207.9480 207.9480 751.8539 362.0446
223.1855 191.6099 191.6099 627.5239 342.1393 178.7029 178.7029 581.0498 281.9657
185.7288 163.3528 163.3528 484.3639 264.3197 151.6130 151.6130 435.7485 221.5741
154.5584 139.5624 139.5624 349.2925 203.5687 133.1044 133.1044 310.5951 180.2943
128.6192 118.5838 118.5838 249.4937 158.8421 113.9909 113.9909 216.3618 143.4683
107.0334 98.9420 98.9420 172.7562 123.6953 96.4489 96.4489 152.6270 115.9956
89.0702 83.3779 83.3779 124.2735 98.9086 80.9995 80.9995 110.8568 93.7480
74.1218 71.3055 71.3055 95.2669 81.6806 70.1563 70.1563 88.9671 79.2630
61.6821 59.6708 59.6708 73.2508 66.4568 58.7026 58.7026 69.7461 64.6877
51.3301 49.6932 49.6932 58.0897 54.2596 48.6451 48.6451 55.6478 52.7502
42.7155 41.5856 41.5856 46.7974 44.6044 40.6704 40.6704 45.1593 43.3073
35.5467 34.5575 34.5575 37.9654 36.5961 34.0377 34.0377 37.1272 35.9530
29.5809 28.9590 28.9590 31.2977 30.3761 28.4738 28.4738 30.8263 29.9398
24.6164 24.1487 24.1487 25.7740 25.1514 23.8034 23.8034 25.4064 24.8024
20.4851 20.2470 20.2470 21.3788 20.9436 20.0330 20.0330 21.1132 20.6902
17.0472 16.9875 16.9875 17.7835 17.4762 16.7711 16.7711 17.5656 17.2712
14.1862 14.0808 14.0808 14.6276 14.4129 13.9829 13.9829 14.5155 14.3162
11.8053 11.7740 11.7740 12.1709 12.0131 11.7083 11.7083 12.1126 11.9645
9.8241 9.7531 9.7531 10.0343 9.9177 9.6972 9.6972 9.9688 9.8490
8.1753 8.1378 8.1378 8.3444 8.2572 8.0815 8.0815 8.2828 8.1982
6.8033 6.7495 6.7495 6.8924 6.8263 6.7023 6.7023 6.8455 6.7785
5.6615 5.6574 5.6574 5.7636 5.7132 5.6163 5.6163 5.7154 5.6630
4.7113 4.6999 4.6999 4.7792 4.7387 4.6495 4.6495 4.7357 4.6902
3.9206 3.9100 3.9100 3.9659 3.9336 3.8719 3.8719 3.9189 3.8960
3.2627 3.2607 3.2607 3.3006 3.2741 3.2532 3.2532 3.2978 3.2693
