2.9220 3.6924 1.2581 2.7685 2.2554 3.0127 0.0000 2.4687 1.9467
3.2785 4.0485 1.5049 2.9709 2.4217 3.3684 0.0000 2.6052 2.0362
3.6785 4.4251 1.7637 3.2032 2.6188 3.7657 0.0000 2.7614 2.1478
4.1272 4.8798 2.0982 3.4685 2.8438 4.2125 0.0000 2.9540 2.2818
4.6308 5.4017 2.5552 3.8313 3.1711 4.7264 0.0000 3.1939 2.4676
5.1957 5.9555 3.0145 4.1661 3.4650 5.2512 2.0039 3.4463 2.6687
5.8296 6.5204 3.5292 4.5446 3.8095 5.8404 2.9055 3.7579 2.9234
6.5408 7.1481 4.1223 4.9987 4.2323 6.4557 3.6988 4.1093 3.2204
7.3388 7.9758 4.8916 5.6000 4.7904 7.2972 4.5788 4.6048 3.7017
8.2341 8.8682 5.7768 6.3038 5.4642 8.0810 5.4939 5.1887 4.2511
9.2387 9.7751 6.6522 7.0234 6.1509 9.0360 6.4178 5.8804 4.9139
10.3658 10.8315 7.7049 7.9260 7.0259 10.0258 7.3615 6.6806 5.7426
11.6304 12.1269 8.9470 9.0857 8.1434 11.2822 8.6053 7.7641 6.8603
13.0493 13.5122 10.2751 10.3774 9.3941 12.5528 9.7920 8.9316 8.1034
14.6413 14.9958 11.7308 11.7999 10.7740 14.0318 11.2642 10.4191 9.6176
16.4276 16.7021 13.3801 13.5156 12.4436 15.7535 12.8711 12.2230 11.3588
18.4317 18.5352 15.0972 15.3932 14.2434 17.5482 14.4498 14.1097 13.2039
20.6804 20.6942 17.1256 17.6626 16.4164 19.6746 16.4545 16.4513 15.4852
23.2034 23.1496 19.4195 20.3638 18.9848 21.9411 18.5501 19.0903 18.0192
26.0342 25.8968 21.9521 23.3095 21.7654 24.5838 20.9540 21.9438 20.6657
29.2104 28.8646 24.6518 26.5906 24.8187 27.4055 23.4947 25.0274 23.5243
32.7741 32.3331 27.8062 30.5140 28.4519 30.7795 26.5500 28.8539 27.0777
36.7725 35.8151 30.9070 34.4133 32.0096 34.0027 29.4543 32.2845 30.2691
41.2587 39.9256 34.5745 39.0382 36.1980 38.1564 33.1736 36.9807 34.5951
46.2923 44.6813 38.7720 44.5874 41.1495 42.5081 37.0687 41.9774 39.0842
51.9400 49.6421 43.1028 50.3298 46.2268 47.3648 41.2768 47.3323 43.9350
58.2766 55.8556 48.4690 57.6559 52.5561 53.0949 46.4545 53.8485 49.8167
65.3864 61.9476 53.6746 65.0287 58.8299 59.0111 51.4835 60.6595 55.7583
73.3635 69.3912 59.9755 74.1523 66.4108 65.8775 57.3134 68.8140 62.6914
82.3139 77.6061 66.8419 84.6400 74.9811 73.4052 63.7504 77.9457 70.3727
92.3562 85.6838 73.4944 95.1271 83.3147 81.3317 70.3604 87.9723 78.6067
103.6236 96.0143 81.9097 109.1006 94.1065 90.9395 78.3406 100.1667 88.6486
116.2657 106.4386 90.2074 123.3896 104.9010 99.8427 85.8719 111.5771 97.5971
130.4501 118.8878 99.9809 141.1138 117.9695 110.8430 94.7062 126.8947 109.3293
146.3650 131.1239 109.3745 158.8257 130.6696 122.0279 103.4901 142.5002 120.8895
164.2216 146.3063 120.8126 181.3135 146.5599 135.4221 114.0095 161.7174 135.0855
184.2566 162.2730 132.6804 205.1397 163.1635 149.7081 124.9281 182.5906 149.7570
206.7359 180.4462 145.7494 232.9426 182.2487 164.2872 136.0209 206.2623 165.8639
231.9577 199.4278 158.9459 261.0604 201.6201 179.9694 147.9285 228.8671 181.3170
260.2565 218.1039 171.7881 288.7590 220.4412 196.6769 160.1649 255.2862 199.3960
292.0078 240.1715 186.4075 320.8333 242.6241 215.1228 173.1692 284.7544 219.1666
327.6328 265.2466 202.4665 356.4995 267.4039 233.5990 186.2192 315.5032 238.3330
367.6040 294.0313 220.5467 395.7860 295.1633 256.1200 201.7331 349.3571 261.4538
412.4517 318.0279 235.0266 427.9002 317.5592 273.2808 213.6928 377.9917 280.3108
462.7708 348.3737 252.4019 465.2436 344.8172 293.7133 227.4316 410.9819 302.1433
519.2288 382.4170 271.2681 505.9932 374.9854 317.7162 242.0753 445.2921 324.5231
582.5747 415.3999 289.5758 544.7401 403.7571 340.2302 255.7521 479.3549 348.2850
653.6488 447.8999 306.4173 579.4635 430.3786 363.2196 270.3734 510.8583 369.2297
733.3940 488.4237 326.4795 620.0970 462.0994 388.1236 286.1610 549.6251 395.6008
822.8681 513.4074 338.9577 646.1220 481.6527 405.6833 295.3177 572.5111 411.8536
923.2580 565.8136 363.8440 694.7606 521.2518 440.5538 317.1308 618.0730 442.5130
1035.8954 600.3922 378.7359 724.0236 544.9353 460.6979 327.0716 641.7152 461.6181
1162.2747 635.4023 394.0639 752.4684 569.2168 480.4378 338.5514 670.1445 481.4505
1304.0722 676.4470 410.6506 783.6391 596.0215 497.3302 347.2420 693.1411 496.3849
1463.1690 706.0556 422.3593 807.4314 615.8974 516.6157 357.5717 716.4234 513.2280
1641.6756 759.5963 444.1288 848.8782 652.2930 544.7411 371.5827 742.7469 535.3311
1841.9600 791.9617 455.6009 869.7840 670.4887 562.0966 379.8398 773.5860 554.2709
2066.6791 816.0111 463.1816 889.2515 689.1592 568.1561 383.1508 777.8071 556.5406
2318.8140 866.6178 482.1695 928.1376 723.1101 597.2915 398.9928 810.6221 583.1964
2601.7093 884.4242 487.0337 940.4598 736.0080 596.6175 395.9827 810.7116 583.2048
2919.1178 911.4421 496.5080 953.8626 747.2650 608.8616 400.5949 823.8114 592.3361
