2.9220 3.7294 1.2853 2.7824 2.2660 3.0488 0.0000 2.4786 1.9521
3.2785 4.0766 1.5230 2.9908 2.4406 3.3947 0.0000 2.6108 2.0444
3.6785 4.4584 1.8011 3.2241 2.6387 3.7775 0.0000 2.7686 2.1528
4.1272 4.8758 2.1230 3.4809 2.8598 4.1899 0.0000 2.9433 2.2830
4.6308 5.3648 2.5181 3.7874 3.1274 4.6765 0.0000 3.1682 2.4465
5.1957 5.8973 2.9871 4.1387 3.4442 5.1884 1.9451 3.4197 2.6495
5.8296 6.4944 3.5262 4.5416 3.8100 5.7788 2.8846 3.7343 2.9090
6.5408 7.1817 4.1572 5.0189 4.2499 6.4581 3.7346 4.1175 3.2401
7.3388 7.9393 4.8548 5.5726 4.7677 7.2262 4.5457 4.5718 3.6549
8.2341 8.7886 5.6770 6.2241 5.3852 8.0797 5.4439 5.1646 4.2167
9.2387 9.7785 6.6431 7.0330 6.1599 9.0098 6.4050 5.8648 4.9059
10.3658 10.8538 7.6840 7.9433 7.0365 10.0572 7.3971 6.6893 5.7532
11.6304 12.0957 8.9133 9.0484 8.1083 11.2509 8.5966 7.7596 6.8560
13.0493 13.4496 10.2284 10.3087 9.3317 12.5838 9.8415 8.9801 8.1203
14.6413 14.9918 11.7296 11.8137 10.7950 14.0320 11.2183 10.4572 9.6279
16.4276 16.7095 13.3815 13.5327 12.4586 15.7380 12.8092 12.2138 11.3892
18.4317 18.6359 15.2098 15.5183 14.3714 17.5984 14.5532 14.2126 13.3415
20.6804 20.7723 17.2172 17.7899 16.5447 19.6419 16.4348 16.4759 15.5307
23.2034 23.1353 19.4162 20.3235 18.9510 21.9723 18.5691 19.0093 17.9345
26.0342 25.8429 21.9013 23.2761 21.7300 24.5522 20.9456 21.8993 20.6397
29.2104 28.8118 24.6151 26.5717 24.8047 27.3907 23.5141 25.0408 23.5727
32.7741 32.1928 27.6703 30.3458 28.2909 30.6263 26.4347 28.6479 26.9307
36.7725 35.9847 31.0668 34.6038 32.1883 34.3546 29.7936 32.7489 30.6860
41.2587 40.1265 34.7471 39.3128 36.4448 38.2852 33.2817 37.1146 34.6889
46.2923 44.7592 38.8257 44.6311 41.1924 42.6499 37.1774 41.9991 39.1045
51.9400 49.9351 43.3481 50.6484 46.4931 47.6129 41.5511 47.6094 44.1781
58.2766 55.9209 48.5284 57.7284 52.6345 53.3042 46.5433 54.1523 49.9689
65.3864 62.2125 53.9063 65.3379 59.0909 59.0739 51.5394 60.8298 55.8648
73.3635 69.3614 59.9529 74.1744 66.4645 65.7927 57.3261 68.7440 62.6954
82.3139 77.3290 66.6143 84.2565 74.6763 73.3379 63.7344 77.9063 70.4468
92.3562 86.1637 73.9083 95.7957 83.8362 81.4593 70.5686 87.8980 78.7567
103.6236 95.8697 81.7885 108.7825 93.9188 90.2252 77.8722 99.1298 87.8089
116.2657 106.7721 90.5092 123.8372 105.2889 100.1897 85.9816 112.2307 98.2083
130.4501 119.1108 100.1864 141.3732 118.1800 111.4306 95.1292 127.5863 109.9648
146.3650 131.8160 109.9759 159.8249 131.4377 122.7145 104.0764 143.0653 121.5834
164.2216 146.4849 121.0091 181.5613 146.7687 135.3408 114.0066 161.6221 134.9399
184.2566 161.6850 132.2162 204.3026 162.5749 148.7298 124.3823 181.3235 149.0081
206.7359 179.7312 145.2280 231.5135 181.3321 163.9865 135.9905 204.8800 165.1695
231.9577 198.1461 158.1252 259.1701 200.2542 179.2358 147.3853 228.3950 181.0715
260.2565 219.3753 172.6112 290.7180 221.8361 196.9987 160.2932 256.6202 199.9922
292.0078 241.8531 187.5198 323.4894 244.4029 215.5060 173.7202 285.8312 219.4053
327.6328 265.7618 202.8381 357.4339 267.9218 233.8116 186.3756 315.0275 238.5144
367.6040 292.1498 219.2243 393.3629 293.2392 254.2135 200.2654 346.7658 259.5399
412.4517 320.8042 236.4591 431.0085 320.1069 275.6650 214.9876 380.1565 281.8590
462.7708 348.5795 252.6234 466.0696 345.5009 296.4640 228.4200 412.2994 302.7181
519.2288 379.1992 269.5611 502.4685 372.3255 317.3046 242.1318 443.8638 323.9436
582.5747 413.8537 288.5481 542.3116 402.0542 341.1653 257.2083 481.1378 348.8641
653.6488 448.2266 306.2596 579.1025 430.0807 363.8200 270.9538 513.3342 370.7121
733.3940 484.1035 324.3935 616.5671 459.0845 386.5187 285.0870 545.8764 393.2648
822.8681 521.9437 342.6303 652.6264 487.5297 410.8977 299.2245 579.7633 416.3942
923.2580 560.1327 360.5439 687.8019 516.0042 432.8299 311.5281 609.8235 437.2343
1035.8954 598.2624 377.6091 721.4692 543.4270 456.0876 324.7006 640.1329 459.2168
1162.2747 635.6831 393.5637 752.5987 569.4419 475.6209 335.5741 664.9473 476.2380
1304.0722 672.4316 408.8985 781.7378 594.1909 497.1198 346.8809 692.3348 497.1468
1463.1690 710.7036 424.3831 811.9144 620.1222 517.3324 358.2679 717.7766 514.5957
1641.6756 754.2068 441.0472 843.9898 648.5672 537.2830 367.9481 741.2253 531.6534
1841.9600 786.1368 452.6356 867.4036 669.4246 553.5117 375.5289 758.6333 545.1542
2066.6791 821.6326 466.0036 893.5612 692.5079 573.7672 385.3643 782.7531 561.8422
2318.8140 856.0291 477.0979 918.6250 715.6797 586.7465 391.6468 796.5312 572.4322
2601.7093 884.7943 486.7756 938.3026 733.7738 599.6163 397.0494 811.9076 583.9395
2919.1178 68452145.0592 498.2784 68453391.8399 68453733.8948 619.8467 405.4890 832.8611 599.2681
