2.9220 3.7513 2.3628 3.3412 2.8099 3.0608 1.5880 2.9409 2.3629
3.2785 4.0826 2.6773 3.6196 3.0567 3.3784 2.0173 3.1129 2.5087
3.6785 4.4562 3.0190 3.8910 3.2906 3.7437 2.4308 3.3134 2.6613
4.1272 4.8623 3.3975 4.2022 3.5781 4.1984 2.8621 3.5790 2.8861
4.6308 5.3539 3.8983 4.5796 3.9279 4.7297 3.4644 3.8841 3.1621
5.1957 5.9010 4.4057 5.0167 4.3293 5.2168 3.9267 4.2198 3.4492
5.8296 6.5344 5.0306 5.5432 4.8274 5.8109 4.5531 4.6429 3.8689
6.5408 7.1444 5.6369 6.0437 5.2963 6.4410 5.1749 5.1178 4.3120
7.3388 7.9372 6.4159 6.7284 5.9469 7.2322 5.9105 5.6998 4.8667
8.2341 8.8158 7.2709 7.5178 6.7058 8.0574 6.7834 6.4022 5.5995
9.2387 9.7885 8.2412 8.4196 7.5784 8.9860 7.6846 7.2571 6.4374
10.3658 10.9190 9.3558 9.4962 8.6098 10.0781 8.7480 8.3023 7.5068
11.6304 12.1492 10.5360 10.7055 9.7805 11.3207 9.9576 9.5296 8.7480
13.0493 13.4662 11.8251 12.0479 11.0734 12.5784 11.0984 10.7586 9.9354
14.6413 15.0382 13.3516 13.7002 12.6576 14.1059 12.6258 12.4280 11.6132
16.4276 16.7833 15.0239 15.5698 14.4366 15.7358 14.1921 14.2417 13.3387
18.4317 18.6722 16.8249 17.6270 16.3879 17.5532 15.8390 16.2068 15.2043
20.6804 20.6865 18.7457 19.8647 18.4980 19.5920 17.7815 18.4998 17.3793
23.2034 23.2034 21.1180 22.7370 21.1731 22.0356 20.1003 21.2665 19.9544
26.0342 25.8918 23.6483 25.8243 24.0296 24.7373 22.6520 24.2398 22.7364
29.2104 28.7045 26.2897 29.0790 27.0102 27.3071 25.0384 27.1911 25.4911
32.7741 32.2523 29.6056 33.2892 30.8309 30.7164 28.2795 31.2398 29.1904
36.7725 35.8764 32.9618 37.6119 34.6887 34.1986 31.4950 35.1756 32.8002
41.2587 40.3111 37.0564 43.0739 39.4935 38.3834 35.3739 40.2005 37.2998
46.2923 44.6729 41.0582 48.5241 44.2074 42.7520 39.4267 45.2523 41.8660
51.9400 50.1237 46.0429 55.6177 50.1866 47.6681 43.9032 51.3461 47.1738
58.2766 55.6055 51.0215 62.7764 56.1422 53.0075 48.8019 58.0781 53.0015
65.3864 62.3687 57.1083 72.3124 63.7365 59.3202 54.6647 66.2781 59.9325
73.3635 69.4895 63.4666 82.7273 71.7712 66.0708 60.7576 75.3710 67.5212
82.3139 77.4593 70.5109 94.9903 80.8631 73.3371 67.2210 85.6226 75.6127
92.3562 86.2464 78.2230 109.3113 91.0799 81.2339 74.2964 97.4445 84.4782
103.6236 96.1769 86.8232 126.4597 102.8953 90.5229 82.4742 111.3683 94.9708
116.2657 107.0840 96.1562 145.9774 115.8173 100.6591 91.2414 128.2597 106.6261
130.4501 118.6003 105.9038 167.8524 129.8573 110.7407 100.0783 146.4231 118.8536
146.3650 132.1929 117.1995 195.0170 146.7290 122.8360 110.3231 168.8154 133.4521
164.2216 146.0566 128.5486 223.2960 164.0750 135.0988 120.7361 193.1529 148.5998
184.2566 162.3184 141.6628 257.3971 184.8845 148.9824 132.3980 222.9583 165.6880
206.7359 178.0890 154.1681 290.2066 204.9484 163.5968 144.4957 253.9555 183.8746
231.9577 198.1796 169.6744 331.7262 230.7485 178.9850 157.0118 288.4979 203.9802
260.2565 219.4538 185.8007 374.8724 257.8212 196.3321 171.3798 328.4660 226.3845
292.0078 242.1465 202.5442 419.8927 287.0759 215.6845 186.0662 370.5111 251.4169
327.6328 268.6835 221.5288 469.3354 320.1470 235.5002 201.6467 417.6884 278.9211
367.6040 291.7303 237.8368 511.2312 348.6233 254.9850 215.9947 459.8125 303.7789
412.4517 320.9702 257.9326 561.7656 384.1807 277.3714 233.2873 507.7242 333.2375
462.7708 348.5510 276.2776 606.0490 416.9626 295.3394 246.7132 544.0006 357.2078
519.2288 380.9948 296.7531 652.6146 451.9993 317.2800 263.1449 591.9391 387.9812
582.5747 411.5446 315.8518 696.4067 485.3612 337.0766 276.7361 634.4611 414.5865
653.6488 445.2413 336.9703 743.7560 522.1772 364.5894 296.4137 684.4883 447.0624
733.3940 485.3458 360.4813 794.0074 563.5026 388.0185 312.1040 728.1879 478.7111
822.8681 519.0327 380.3033 834.4201 596.4468 409.6801 327.4002 773.4472 508.7724
923.2580 562.8184 403.2917 877.7365 635.1591 432.2817 341.5120 806.1443 534.5881
1035.8954 594.4730 421.1268 912.4804 664.1846 449.7508 353.7878 840.5238 561.3679
1162.2747 636.8759 443.3814 953.9037 700.9279 479.6947 371.9272 884.9295 594.0143
1304.0722 673.1467 462.0365 988.5317 731.2381 502.4680 387.7328 923.7886 622.5634
1463.1690 721.0978 484.8700 1028.3215 770.4270 519.9585 398.4170 948.6341 643.9959
1641.6756 764.3303 504.9583 1063.1395 802.4527 533.7062 406.9667 970.0329 658.7962
1841.9600 783.5315 514.5395 1079.6985 817.0131 556.0768 419.8463 999.0141 684.0722
2066.6791 825.3586 532.8010 1110.5365 847.3601 571.8044 427.3781 1025.0295 704.3482
2318.8140 863.5171 551.3342 1144.4891 879.0661 594.2417 441.2541 1052.8145 729.5470
2601.7093 884.8105 559.4412 1158.6534 893.0950 607.5710 447.5357 1068.8077 743.8409
2919.1178 897.3703 563.1793 1167.4764 902.3402 606.9273 449.3270 1068.8758 740.5690
