2922.0000 989.4393 919.9395
2431.6076 984.1584 931.5249
2023.5165 893.9258 795.0473
1683.9145 814.2795 667.3672
1401.3070 784.9426 650.0788
1166.1290 687.3718 569.6602
970.4203 644.8024 510.0102
807.5569 619.4845 450.3139
672.0265 553.2678 359.5322
559.2419 463.4526 304.1461
465.3856 407.1692 239.2860
387.2810 364.3918 200.6376
322.2846 315.8727 182.1940
268.1963 267.1891 148.2324
223.1855 222.2417 112.4691
185.7288 186.0278 96.8983
154.5584 159.5783 72.3045
128.6192 130.2250 57.1419
107.0334 105.3486 44.0731
89.0702 90.4015 39.6605
74.1218 73.3799 28.1347
61.6821 58.2131 21.0030
51.3301 49.7821 18.3020
42.7155 42.0529 15.5058
35.5467 35.0210 12.8649
29.5809 29.7443 11.3046
24.6164 24.6176 9.9418
20.4851 20.5775 8.3546
17.0472 17.3050 6.9345
14.1862 14.7560 6.5459
11.8053 12.2540 5.9615
9.8241 10.6548 5.4376
8.1753 8.5579 4.4156
6.8033 7.6157 4.2995
5.6615 6.4044 3.9773
4.7113 5.4441 3.3746
3.9206 4.8154 3.3026
3.2627 4.0548 2.9728
