2922.0000 649.8432 319.7156
2431.6076 644.2940 324.7206
2023.5165 620.5188 312.8426
1683.9145 607.8734 302.3792
1401.3070 596.4921 294.6446
1166.1290 557.7593 284.6046
970.4203 529.9157 252.5456
807.5569 507.7226 250.8912
672.0265 456.5614 215.5547
559.2419 444.1255 211.3760
465.3856 383.1512 172.3765
387.2810 349.5727 156.6619
322.2846 321.2252 145.7195
268.1963 288.3338 129.1127
223.1855 254.1745 119.9775
185.7288 225.7596 100.2744
154.5584 189.7450 84.3278
128.6192 171.9161 78.7478
107.0334 150.8148 80.0768
89.0702 129.5070 85.4110
74.1218 114.9796 68.0607
61.6821 99.5517 64.6841
51.3301 89.7231 67.0831
42.7155 86.9328 80.1660
35.5467 80.8578 66.1395
29.5809 76.7118 51.6338
24.6164 73.7848 67.9917
20.4851 71.6177 72.9223
17.0472 70.4704 58.7068
14.1862 68.3228 56.7441
11.8053 69.3548 63.1571
9.8241 76.9988 110.3515
8.1753 70.3524 78.5079
6.8033 69.1614 56.8571
5.6615 71.0026 77.1677
4.7113 74.2504 88.3120
3.9206 75.1996 87.0519
3.2627 76.8433 109.0037
