2922.0000 901.0377 881.9727
2431.6076 839.4448 775.8950
2023.5165 806.2583 767.8341
1683.9145 791.5302 747.2659
1401.3070 690.6511 516.0079
1166.1290 627.9529 481.2759
970.4203 585.8499 413.7639
807.5569 563.7554 410.9227
672.0265 484.9466 289.7471
559.2419 416.2763 241.4433
465.3856 385.3360 210.6159
387.2810 338.0706 164.3161
322.2846 291.0735 144.8936
268.1963 253.0595 128.8790
223.1855 220.0200 105.7791
185.7288 190.5627 89.8272
154.5584 154.8462 69.4524
128.6192 128.1585 51.3144
107.0334 106.9847 40.1993
89.0702 87.3846 33.4095
74.1218 72.1865 23.7343
61.6821 59.8488 18.5968
51.3301 49.1838 14.9170
42.7155 40.8882 12.3924
35.5467 35.7732 9.9391
29.5809 29.1763 8.0786
24.6164 23.7470 6.7574
20.4851 20.3568 5.9248
17.0472 16.7736 4.6491
14.1862 14.2819 4.7009
11.8053 12.0279 3.9276
9.8241 9.8952 3.4164
8.1753 8.2960 3.0352
6.8033 7.0637 2.6244
5.6615 5.6996 2.3256
4.7113 4.9949 2.1283
3.9206 4.0391 1.9763
3.2627 3.5186 1.7524
