2922.0000 647.5079 994.7280
2431.6076 588.8500 885.1164
2023.5165 603.3553 797.6631
1683.9145 596.3508 781.6206
1401.3070 560.4012 622.8090
1166.1290 530.2098 601.7512
970.4203 483.5179 534.2752
807.5569 464.3263 377.4351
672.0265 411.7868 351.4234
559.2419 384.6691 295.2013
465.3856 337.4479 224.7661
387.2810 281.4439 180.6376
322.2846 263.5775 161.1965
268.1963 226.7139 134.1351
223.1855 186.4341 101.6672
185.7288 158.6093 84.7250
154.5584 133.1104 63.7057
128.6192 117.6321 54.9069
107.0334 93.5420 42.0799
89.0702 79.5347 32.0129
74.1218 66.2751 25.5748
61.6821 56.6674 21.1328
51.3301 47.3756 18.6271
42.7155 39.8142 16.0806
35.5467 33.0568 12.5176
29.5809 28.1455 10.4449
24.6164 23.5465 9.5311
20.4851 18.8639 8.6603
17.0472 16.1023 7.5386
14.1862 13.3275 6.5597
11.8053 11.5763 5.6142
9.8241 9.7764 5.2737
8.1753 7.9107 4.6734
6.8033 6.7381 3.9914
5.6615 5.5853 3.9051
4.7113 4.8072 3.6836
3.9206 3.9562 3.3336
3.2627 3.2379 3.0382
