2922.0000 1029.3723 1020.8765
2431.6076 941.0092 913.9266
2023.5165 881.1942 863.4245
1683.9145 786.3820 642.5543
1401.3070 786.4365 693.0573
1166.1290 672.9689 527.1728
970.4203 612.4233 477.4562
807.5569 572.7150 362.5454
672.0265 481.5377 293.3706
559.2419 430.8567 254.3016
465.3856 393.1779 228.6351
387.2810 331.1095 166.7249
322.2846 286.3485 149.2499
268.1963 251.9856 126.8637
223.1855 210.5779 110.8818
185.7288 181.9064 84.0497
154.5584 152.4217 63.0715
128.6192 123.4536 48.7873
107.0334 102.9622 40.6352
89.0702 83.9697 30.6369
74.1218 71.1961 23.8081
61.6821 58.8304 20.8752
51.3301 47.7267 16.4657
42.7155 39.9078 15.3026
35.5467 33.1045 13.6932
29.5809 26.8293 13.6420
24.6164 21.9691 13.0855
20.4851 17.7457 12.6779
17.0472 14.3407 11.7324
14.1862 12.8030 10.9311
11.8053 11.3033 10.4663
9.8241 11.3795 10.3525
8.1753 10.9535 10.4429
6.8033 11.5771 10.5743
5.6615 11.5960 10.3834
4.7113 10.8897 10.3296
3.9206 10.9113 10.4884
3.2627 10.9389 9.9845
