2922.0000 751.0107 584.7899 0.6139 0.0736
2431.6076 749.9771 653.6662 0.6125 0.0806
2023.5165 715.5913 522.1542 0.6100 0.0646
1683.9145 668.5235 423.9689 0.6101 0.0488
1401.3070 679.2591 481.7163 0.5999 0.0622
1166.1290 603.5597 366.1096 0.6059 0.0536
970.4203 549.9176 340.3926 0.5957 0.0565
807.5569 522.9328 331.7767 0.5917 0.0518
672.0265 495.8677 278.8398 0.5911 0.0558
559.2419 425.6617 224.3149 0.5832 0.0593
465.3856 372.3042 210.5069 0.5655 0.0667
387.2810 337.0550 200.0308 0.5548 0.0696
322.2846 285.3442 152.6292 0.5403 0.0712
268.1963 247.4535 134.3310 0.5236 0.0759
223.1855 219.3535 103.1280 0.5074 0.0680
185.7288 175.6097 80.5064 0.4768 0.0636
154.5584 135.6155 61.1611 0.4492 0.0546
128.6192 123.3256 59.5463 0.4340 0.0525
107.0334 101.8937 39.5886 0.4182 0.0455
89.0702 81.5540 32.2085 0.4030 0.0423
74.1218 67.4565 26.4669 0.3976 0.0496
61.6821 55.2727 22.7189 0.4067 0.0827
51.3301 45.4368 18.7085 0.4190 0.0918
42.7155 37.0485 15.7818 0.4444 0.1259
35.5467 29.2836 14.0468 0.4874 0.1553
29.5809 23.6731 11.1117 0.5113 0.1566
24.6164 18.3096 9.5974 0.5669 0.1643
20.4851 15.4436 8.0442 0.5941 0.1708
17.0472 11.8136 6.6572 0.6398 0.1609
14.1862 9.4717 5.6393 0.6582 0.1547
11.8053 7.7726 4.8439 0.6740 0.1315
9.8241 6.1862 3.7767 0.6784 0.1249
8.1753 5.3479 3.6631 0.6541 0.1261
6.8033 4.3186 2.7925 0.6345 0.1487
5.6615 3.5898 2.2407 0.6022 0.1679
4.7113 3.2544 2.2746 0.5663 0.1725
3.9206 2.9378 2.0615 0.5570 0.1730
3.2627 2.5119 1.4613 0.5023 0.2120
