2922.0000 1068.7915 971.7349
2431.6076 1031.5631 920.8904
2023.5165 947.6112 737.2436
1683.9145 913.9728 737.4594
1401.3070 827.2202 585.9987
1166.1290 776.9330 509.0954
970.4203 705.5885 476.8446
807.5569 608.9354 373.4575
672.0265 555.6115 315.6202
559.2419 505.0396 287.8081
465.3856 429.6644 245.7085
387.2810 372.3641 198.5332
322.2846 318.1312 164.8848
268.1963 271.8318 123.8779
223.1855 223.5092 100.4122
185.7288 189.9755 79.3697
154.5584 155.2667 56.9456
128.6192 131.4414 44.3621
107.0334 108.8555 35.0252
89.0702 90.5175 25.3933
74.1218 73.7889 18.4268
61.6821 62.6277 14.4887
51.3301 51.6983 11.2413
42.7155 42.5794 8.2490
35.5467 35.5288 6.4758
29.5809 29.6197 5.0184
24.6164 24.4716 3.7214
20.4851 20.4441 3.1439
17.0472 17.0154 2.4209
14.1862 14.2415 1.8774
11.8053 11.7976 1.5768
9.8241 9.7920 1.2682
8.1753 8.1468 1.0479
6.8033 6.8045 0.8903
5.6615 5.6899 0.7328
4.7113 4.6751 0.5888
3.9206 3.9210 0.5143
3.2627 3.2714 0.4609
