2922.0000 951.1040 940.8740
2431.6076 886.2174 788.2823
2023.5165 879.5102 780.0967
1683.9145 818.7818 707.7606
1401.3070 794.8152 641.1988
1166.1290 717.7432 505.5791
970.4203 641.0896 447.9223
807.5569 602.2337 409.3398
672.0265 533.8680 340.8418
559.2419 475.2146 303.0430
465.3856 410.6618 257.3229
387.2810 367.7595 203.4586
322.2846 314.5407 186.1588
268.1963 272.9754 147.8346
223.1855 223.0905 116.7850
185.7288 188.4748 96.8960
154.5584 154.5473 74.5627
128.6192 126.5167 59.7757
107.0334 107.7482 50.1903
89.0702 89.5291 41.9551
74.1218 73.0109 29.6821
61.6821 59.8048 23.8044
51.3301 50.4436 20.0367
42.7155 41.9614 16.9497
35.5467 35.8494 14.9172
29.5809 29.6976 11.9479
24.6164 24.8098 10.0531
20.4851 20.7118 9.1399
17.0472 17.3018 7.7402
14.1862 14.3759 6.6844
11.8053 12.2636 5.9440
9.8241 10.6993 5.7996
8.1753 8.7086 4.9443
6.8033 7.4765 4.6085
5.6615 6.1614 3.9938
4.7113 5.4128 3.8582
3.9206 4.9414 3.6590
3.2627 4.0111 3.3534
