2922.0000 700.8605 406.5074
2431.6076 693.3313 399.0881
2023.5165 666.9527 390.5072
1683.9145 645.6682 350.8341
1401.3070 611.5734 345.3819
1166.1290 582.8059 336.4290
970.4203 555.5025 304.8296
807.5569 500.1494 270.2647
672.0265 447.1863 233.9461
559.2419 402.9086 204.1786
465.3856 357.8083 176.5550
387.2810 320.3074 150.1203
322.2846 279.2904 133.2162
268.1963 244.7883 108.1641
223.1855 206.3545 87.4689
185.7288 172.6575 67.2043
154.5584 150.4809 53.5673
128.6192 125.1893 41.4041
107.0334 104.1691 30.7623
89.0702 86.9692 24.0642
74.1218 71.5860 17.9077
61.6821 60.1793 13.4182
51.3301 50.6008 11.3012
42.7155 42.2294 8.6211
35.5467 35.1972 6.4509
29.5809 29.5360 5.1568
24.6164 24.7611 4.1026
20.4851 20.5966 3.4008
17.0472 17.0285 2.5166
14.1862 14.2369 2.0072
11.8053 11.7706 1.6145
9.8241 9.8453 1.3326
8.1753 8.1760 1.0843
6.8033 6.8155 0.8653
5.6615 5.8466 0.6287
4.7113 5.2242 0.4253
3.9206 4.9258 0.3613
3.2627 4.7967 0.3599
