2922.0000 658.7318 393.6363
2431.6076 644.3706 387.6330
2023.5165 628.0895 364.6301
1683.9145 602.8573 361.7505
1401.3070 555.2387 323.4927
1166.1290 529.7900 311.7405
970.4203 501.0977 308.5245
807.5569 463.0268 270.4808
672.0265 430.6233 243.0855
559.2419 387.1343 215.2944
465.3856 347.8983 190.0518
387.2810 302.0738 157.2740
322.2846 267.4849 136.6705
268.1963 234.8841 114.6567
223.1855 198.1683 93.3445
185.7288 165.7135 73.5341
154.5584 142.7706 61.8401
128.6192 119.9718 50.5467
107.0334 98.2879 39.6031
89.0702 83.9969 32.9297
74.1218 71.7379 25.1191
61.6821 61.3389 18.8244
51.3301 53.5083 13.2839
42.7155 48.2451 11.0257
35.5467 44.3052 7.4782
29.5809 41.8149 6.3554
24.6164 39.9743 5.6826
20.4851 39.1059 5.3826
17.0472 38.3373 5.0246
14.1862 37.7006 4.9921
11.8053 37.3759 4.7598
9.8241 37.1955 5.0582
8.1753 36.7448 4.8157
6.8033 36.8085 4.9497
5.6615 36.0690 5.0413
4.7113 36.4585 4.9849
3.9206 36.4363 4.7943
3.2627 36.2323 4.9239
