2922.0000 906.2714 935.3272 927.1102 926.1758
2431.6076 853.2982 874.1571 875.4384 864.9323
2023.5165 842.2489 790.2767 864.6774 780.1877
1683.9145 755.2134 657.4543 780.7360 648.0067
1401.3070 724.0038 653.5204 750.4983 644.4049
1166.1290 610.6027 500.0366 640.4328 492.4262
970.4203 587.1435 482.8505 616.3650 476.1697
807.5569 509.5020 377.6929 541.5182 373.8472
672.0265 434.0501 286.6743 466.9139 287.5637
559.2419 392.1492 252.0587 425.4848 256.4182
465.3856 347.9056 226.9771 379.4540 235.7977
387.2810 288.2018 160.0735 316.5078 172.6370
322.2846 266.6412 143.9294 292.8042 156.8786
268.1963 225.6075 122.7494 246.4970 134.9464
223.1855 190.1215 90.9437 206.9273 104.5995
185.7288 165.7578 74.2203 178.8192 86.8964
154.5584 139.1603 56.4609 148.0996 65.7558
128.6192 120.4126 47.6118 126.4614 54.5019
107.0334 99.2193 37.8689 102.7672 42.7468
89.0702 83.6517 30.6867 85.4586 33.5283
74.1218 69.7371 25.4715 70.5942 27.2174
61.6821 58.8324 21.6850 59.2688 22.6438
51.3301 49.2041 17.7445 49.3492 18.1190
42.7155 41.5952 15.1788 41.6317 15.2524
35.5467 34.7400 12.6767 34.7561 12.7321
29.5809 29.5245 10.6219 29.5250 10.6235
24.6164 24.7333 9.4267 24.7333 9.4267
20.4851 20.2221 7.9320 20.2230 7.9301
17.0472 17.0553 7.0607 17.0555 7.0602
14.1862 14.4685 6.3974 14.4698 6.3948
11.8053 12.2295 5.7061 12.2307 5.7039
9.8241 10.2677 5.1030 10.2702 5.0987
8.1753 8.6613 4.6024 8.6647 4.5972
6.8033 7.5426 4.3239 7.5510 4.3122
5.6615 6.2329 3.7971 6.2443 3.7830
4.7113 5.4386 3.7284 5.4585 3.7076
3.9206 4.7624 3.5444 4.7948 3.5145
3.2627 4.0951 3.2079 4.1264 3.1828
