2922.0000 961.7379 929.4855 993.5461 914.5189
2431.6076 894.7838 876.2499 930.5698 861.0868
2023.5165 822.1617 739.6489 858.9477 725.0663
1683.9145 763.4876 688.6084 804.6317 674.6492
1401.3070 711.9709 595.8925 752.9122 582.3728
1166.1290 644.8975 534.2104 689.3255 522.8306
970.4203 576.1787 459.2354 622.2376 450.9734
807.5569 513.8381 372.2543 563.2612 367.9371
672.0265 468.4253 318.7557 517.1644 318.4158
559.2419 396.2808 237.1048 444.5646 245.2849
465.3856 346.0599 195.3016 392.4808 207.4701
387.2810 305.3777 155.5987 348.6989 170.2612
322.2846 265.3494 121.4653 304.6829 138.8570
268.1963 232.4179 98.4648 266.2866 116.6199
223.1855 194.9162 76.9837 221.4547 92.8967
185.7288 164.3311 59.9098 184.8292 72.7256
154.5584 140.7156 51.3164 156.3720 62.2223
128.6192 120.5436 38.5171 131.8262 45.6443
107.0334 98.7825 28.6787 106.5010 33.6014
89.0702 84.8882 24.2644 90.4496 27.8249
74.1218 70.4457 17.9394 74.2309 20.1372
61.6821 59.5407 13.6555 62.0270 14.9871
51.3301 49.4520 10.6493 51.1313 11.4994
42.7155 41.5531 8.0202 42.7000 8.5595
35.5467 34.3174 6.3693 35.0832 6.7008
29.5809 29.1129 5.0364 29.5958 5.2544
24.6164 24.2596 4.0184 24.5750 4.1551
20.4851 20.1165 3.0759 20.3157 3.1691
17.0472 16.8834 2.4656 17.0124 2.5255
14.1862 14.1356 1.9949 14.2098 2.0261
11.8053 11.6904 1.5647 11.7322 1.5855
9.8241 9.7931 1.3033 9.8176 1.3105
8.1753 8.1120 1.0507 8.1249 1.0577
6.8033 6.7449 0.8873 6.7533 0.8898
5.6615 5.6168 0.7276 5.6211 0.7274
4.7113 4.7139 0.6676 4.7148 0.6686
3.9206 3.9354 0.5680 3.9361 0.5687
3.2627 3.2583 0.4951 3.2606 0.4922
